4164003682
3181676683
477046079
1318619261259010048
466872094
167746462
1420462231792365570
1390408751547621376
2720369064
930110326972076034
1345828075897040901
764808989590843393
1166091162727387138
564048252
47489877
1577243645828366338
19541913
1277291265546223625
752574385
300291585
385600524
1489522742206599170
1525189877054296067
208303190
1260599723209211905
83238527
1542113938774659074
1346766178312740866
1296772816403136512
1549202227096539136
349058591
1424734553621532677
1391736281906954241
4040848583
3849410653
925751239647703040
1487013684429963267
1485327548175503360
1456674422752886787
2896579263
3063885536
1229810728116391936
3130871038
304417626
1295379688794263553
802597552692625409
149063289
1357868638418722817
88148089
979789353768685568
1346528891628888066
1402756622129188868
1467210373187178501
1075033919483985920
1232058194593271808
975573556900773888
1523480269701132289
18217321
1509475952887099392
3071230769
1265436850698817537
174519687
1331359537543196673
1425438715929837571
2868079334
1301959719729467393
1301542907049017345
949392922952261637
1020017225409945602
1334734252680880135
4008674823
1263862932212985860
113601978
1472856025275539457
1529430280725217282
1067301277414023169
2915239839
847900790756974592
1276978374355881985
1386100245382287364
942131485380837376
975831548254736387
1137749956129939457
1469165124640559105
1162757208255401992
1054498603023122433
1384470083351629827
3064266184
832345605401886720
958219350296608768
82010260
1324120727835058177
349076320
70985317
2711936281
89593035
879223376
455441171
1526821051983970305
1429877682188296199
1434433104299663361
1481345242553065474
1013670161977495552
1496113245639389187
1017101855221014528
2342375924
1467316242
930006012291158016
164666005
871540268725542913
3051698513
1213833458625048576
1099995306035339264
312685250
761220437837774848
1465646350721495044
333917394
1361322323849203715
1291653555556933632
1379540032659263488
1335572239853506560
964230327915941888
1205534110468464640
378217785
1397389313898270723
860872564683493378
4657618455
1313397388220993536
791691116
1249684078112256006
44336813
1339605574028320768
941153998140297216
734107272
36008477
2564253200
1008249244074070018
1361095949167169537
1382414233904820224
706188481
1227957748408766464
187477774
1465287049389486086
4194473299
3004940983
1521480715438899201
1394788756373266438
1491173218593427457
898809775063945216
1272233905022734340
1250638883433467905
1286008127641485313
909059482935857158
1268241425575161856
2170068744
2855324649
1455645445334736907
1373669139336867841
1332200172210712576
785853284263268352
890063496020447233
28521140
3245444312
1708095078
58827732
752964020819337217
1526705328628322304
1150537883113144321
1537792012878958592
879213818462609408
871453229183356931
1095085420378025985
1259914382592446464
727576056266371073
1293531297944604675
2378859834
1335034607482368000
192400256
26700387
1456584932747268105
1523969280613703680
1185729906920964097
1128012282292731904
4301874568
930816476168249344
1013656588383604736
94440904
912466362
3030193577
1468256106455519232
769654961038848000
1261731619066589186
3886895294
850692289911431169
1327239685769400321
70322172
3258945475
1328220660846366720
187909794
1281943554332524550
233081993
1232336955200933893
3790074193
66545816
2965054157
1231935508219072513
1044731525642706944
891514399
877751255149428736
1338435731849703424
1099323846
1418960563066056706
232361635
761958252
1411516179584225280
1398688534324785153
1390032226419609610
3090045785
1037477539512549377
2280248012
39127040
1097924771566751745
740738410156072960
53828477
1162454714941878272
2762160751
1290902621490802688
1201010919725293570
767389134897946624
76279317
372198053
119365501
714230053526179845
1110559867461357568
434206192
1439985981034221571
752836659809513472
3307919449
2783066280
1264433760
1066683438206468096
21756999
3066094575
1384742604479377410
1496427658720288771
1705361378
1104823100447907842
1435146570534580226
1188552741116887040
164674739
1577502967519121408
1477290128485888000
725409088583176192
1424283306
1371221856234004481
1437833816991805442
1368666038167085060
1175927909749547008
2903286711
1563012548
1078423910968893441
1123962006913069056
326980247
1455584088568516614
2954386943
1255059685570490369
431228645
1480480586850521091
1395602632815820801
1107262985872044032
1404222523189784576
190403175
466611416
1467677787679080453
422693412
602947747
47489753
2296417771
1045071849615429639
1007144883864457216
2334574476
1004773666591334403
37325301
24075415
1312092080
422874786
2332086721
111707182
1453838456203923462
19261519
4192065260
1557012493855346691
1237543616832299008
128113213
732813793
1308658873490833409
1042827750
1375371229
1285936628167565312
978490968570671104
887647154046676992
1349258555170250753
1407573988792967169
1064782209746329601
823916397625569281
2705363245
1350595599272464392
919272834916024321
202344551
1294210501120004098
2220973891
988166899
1483193909974945793
4735938382
1305117912483663874
1170132866556157954
30379496
1386437921486606338
2469777396
264713613
1529481880306958338
1255378782116024320
3296826558
1039983620469993472
14954499
822208724169359363
821085216
967269395201314816
2908648157
1314166014087778304
22440433
26759295
1566858524361105408
1526715653935226880
1330756943296811009
1442608804600836098
972108615715835906
1254450834148077570
866012459102085120
1368968336424468483
1286782764164014082
936664381584302080
284270962
1088277737846919170
1905443844
2602046947
192947123
818335472
1369141850066407427
1400288165877796865
1250609684547059713
1485564517589614596
806570672
1406534040
980610751898333184
4926129123
1169480669270949888
2582772392
706125585517510656
1123550158430593025
1267219000498495488
861573319220498434
15531582
1217508991300927490
1226258179
862551106580131840
973547359299710976
3343835086
295821893
181995347
1204237200579342336
468789291
2980791291
1422047408368754689
336195217
881514830401818624
1293444903243067394
269744899
1022371378035474432
198557842
2388852316
1067217159405764608
363015521
1371596608274632707
96652302
2977404716
21492642
192289486
328995749
256367368
1126754426163683330
1478081930017001480
98898277
1272986243882717185
45049644
243686229
2275928995
3221428419
93355679
1171336148066717696
59362929
18705112
1149318019111378944
2866558682
286054500
53264119
1368589344768942083
861031932
722338164678004736
786903170261790720
1507904892257517571
594372710
381223731
14569630
1472389743136681989
1190136236196945920
1337678305
32942251
1024172557157720064
1568987891191226369
1004938663271137280
83264309
1543367691859361799
345842968
386399876
1382944568254074884
19118110
481509499
4703655804
1418775164
975008285383450625
1413548065529663497
1352652573052907528
1371583184752799744
4879640146
831998316250542085
1402594879704911877
736480446981279744
1585951693
215433360
1390370693770973184
3307653048
1438541678
950436058910490624
85465589
50043935
1254423666177314820
1470549003049779201
1519903383528026114
275648020
1446758990365577217
978983848112398338
1042014117291220992
1331731121785036801
1353304816861278209
1481699732259065859
74654261
1369239834582204418
779812354275971072
2609288106
370740291
1141301290804416513
719207914150486016
1399704674740191233
1171788037